0	0.7026	Stroma	0	8393.6	7496.4
1	0.6936	Stroma	0	8478.0	7497.8
2	0.7902	Immune	0	8598.1	7496.2
3	0.8023	Stroma	0	8621.7	7498.3
4	0.5551	Immune	0	8639.3	7498.3
5	0.6975	Immune	0	8662.8	7498.5
6	0.8219	Immune	0	8674.3	7496.4
7	0.6218	Stroma	0	8771.3	7495.6
8	0.5632	Stroma	0	8789.3	7497.1
9	0.8203	Stroma	0	8819.4	7497.0
10	0.7139	Immune	0	8581.9	7497.1
11	0.82	Stroma	0	8710.0	7497.2
12	0.8385	Stroma	0	8752.4	7498.8
13	0.6167	Stroma	0	8444.3	7498.7
14	0.5772	Immune	0	8398.4	7499.1
15	0.5743	Immune	0	8649.0	7506.4
16	0.6894	Stroma	0	8425.0	7497.4
17	0.6835	Stroma	0	8517.6	7500.6
18	0.7879	Immune	0	8667.5	7502.3
19	0.6859	Stroma	0	8587.7	7501.8
20	0.7802	Immune	0	8688.8	7499.5
21	0.7035	Immune	0	8782.2	7500.7
22	0.7905	Stroma	0	8771.7	7500.5
23	0.6158	Immune	0	8429.9	7502.7
24	0.5702	Stroma	0	8455.9	7502.7
25	0.8444	Stroma	0	8574.4	7502.9
26	0.5996	Stroma	0	8406.6	7502.9
27	0.7131	Stroma	0	8417.4	7501.5
28	0.8275	Stroma	0	8819.8	7503.8
29	0.7659	Immune	0	8596.8	7503.3
30	0.5174	Immune	0	8676.8	7503.9
31	0.5422	Immune	0	8703.2	7503.5
32	0.7682	Stroma	0	8630.2	7509.3
33	0.7062	Stroma	0	8779.3	7509.6
34	0.5794	Stroma	0	8437.9	7508.2
35	0.5291	Stroma	0	8620.4	7507.1
36	0.877	Immune	0	8395.9	7508.7
37	0.7834	Immune	0	8414.9	7509.3
38	0.5814	Stroma	0	8815.4	7510.7
39	0.5945	Stroma	0	8587.9	7517.1
40	0.5261	Stroma	0	8679.9	7517.0
41	0.8657	Stroma	0	8706.5	7513.0
42	0.95	Stroma	0	8771.8	7513.5
43	0.861	Stroma	0	8616.3	7516.7
44	0.6549	Immune	0	8600.7	7512.5
45	0.8294	Stroma	0	8455.4	7514.8
46	0.5394	Immune	0	8697.6	7513.5
47	0.6531	Stroma	0	8425.9	7518.3
48	0.7926	Stroma	0	8731.3	7511.9
49	0.5688	Immune	0	8435.8	7515.5
50	0.5744	Stroma	0	8667.4	7515.4
51	0.7145	Stroma	0	8821.0	7516.6
52	0.8564	Stroma	0	8578.3	7517.0
53	0.6598	Stroma	0	8746.5	7514.0
54	0.7571	Immune	0	8392.7	7518.0
55	0.5647	Stroma	0	8405.0	7518.6
56	0.8424	Immune	0	8417.5	7518.7
57	0.6826	Stroma	0	8564.5	7519.4
58	0.7633	Stroma	0	8743.1	7521.5
59	0.8656	Stroma	0	8636.8	7521.1
60	0.9194	Stroma	0	8788.8	7519.6
61	0.5716	Immune	0	8485.8	7524.8
62	0.7535	Stroma	0	8702.9	7523.5
63	0.5	Immune	0	8714.2	7523.9
64	0.5416	Stroma	0	8440.9	7521.6
65	0.5254	Stroma	0	8732.5	7520.2
66	0.5749	Stroma	0	8750.8	7520.9
67	0.6752	Stroma	0	8757.5	7525.4
68	0.8488	Stroma	0	8774.8	7524.1
69	0.8681	Stroma	0	8728.9	7526.1
70	0.8637	Stroma	0	8779.9	7528.3
71	0.8967	Stroma	0	8822.1	7526.2
72	0.5664	Immune	0	8688.5	7523.7
73	0.8577	Immune	0	8694.8	7524.0
74	0.7847	Stroma	0	8398.0	7528.1
75	0.6144	Stroma	0	8617.8	7529.3
76	0.5356	Immune	0	8769.6	7530.7
77	0.8886	Stroma	0	8787.9	7531.0
78	0.8755	Stroma	0	8801.5	7526.6
79	0.902	Stroma	0	8595.2	7529.8
80	0.7536	Immune	0	8413.1	7529.1
81	0.8493	Immune	0	8436.1	7530.4
82	0.784	Stroma	0	8681.2	7529.3
83	0.8826	Stroma	0	8744.6	7534.2
84	0.8461	Stroma	0	8699.7	7533.1
85	0.8271	Stroma	0	8693.1	7531.7
86	0.8161	Stroma	0	8709.4	7535.2
87	0.7848	Stroma	0	8795.4	7533.7
88	0.7134	Stroma	0	8457.8	7531.6
89	0.6339	Stroma	0	8683.3	7533.5
90	0.6826	Stroma	0	8394.5	7536.3
91	0.8096	Stroma	0	8533.3	7536.8
92	0.5786	Immune	0	8614.4	7537.7
93	0.5997	Stroma	0	8729.1	7535.4
94	0.6483	Stroma	0	8735.0	7542.0
95	0.8174	Stroma	0	8431.0	7536.1
96	0.7237	Stroma	0	8409.6	7538.6
97	0.8711	Stroma	0	8703.6	7540.1
98	0.6442	Stroma	0	8458.8	7541.6
99	0.6636	Stroma	0	8685.8	7537.4
100	0.7141	Stroma	0	8695.5	7539.3
101	0.942	Stroma	0	8801.6	7539.2
102	0.8298	Stroma	0	8786.2	7540.5
103	0.5892	Stroma	0	8501.6	7539.6
104	0.7282	Stroma	0	8639.0	7543.1
105	0.5252	Immune	0	8623.2	7540.4
106	0.8003	Immune	0	8427.7	7541.4
107	0.6592	Stroma	0	8688.7	7541.1
108	0.7692	Stroma	0	8726.5	7545.6
109	0.9226	Stroma	0	8742.0	7546.9
110	0.7749	Stroma	0	8798.2	7546.2
111	0.6244	Stroma	0	8595.4	7545.7
112	0.7903	Stroma	0	8661.9	7543.4
113	0.5154	Stroma	0	8679.8	7545.9
114	0.8991	Stroma	0	8756.2	7544.3
115	0.8955	Stroma	0	8772.3	7545.4
116	0.5	Immune	0	8415.9	7546.1
117	0.8892	Stroma	0	8424.5	7547.9
118	0.7195	Immune	0	8650.2	7545.5
119	0.8951	Stroma	0	8813.6	7544.8
120	0.9434	Stroma	0	8691.5	7548.8
121	0.8443	Stroma	0	8626.2	7549.7
122	0.8605	Stroma	0	8783.1	7550.7
123	0.8014	Stroma	0	8715.8	7548.7
124	0.5992	Stroma	0	8672.5	7552.5
125	0.8013	Stroma	0	8749.9	7554.9
126	0.6436	Immune	0	8663.2	7551.5
127	0.8924	Stroma	0	8814.1	7554.6
128	0.7867	Stroma	0	8700.2	7549.8
129	0.8674	Stroma	0	8793.8	7555.0
130	0.6465	Stroma	0	8417.1	7556.8
131	0.6409	Stroma	0	8409.1	7554.7
132	0.9126	Stroma	0	8774.5	7559.7
133	0.5052	Immune	0	8496.1	7554.9
134	0.7951	Stroma	0	8437.8	7555.4
135	0.8504	Stroma	0	8737.5	7556.8
136	0.8308	Stroma	0	8634.5	7558.9
137	0.8617	Stroma	0	8654.9	7557.5
138	0.7511	Stroma	0	8702.7	7557.9
139	0.6655	Stroma	0	8666.2	7560.4
140	0.9001	Stroma	0	8693.8	7561.5
141	0.7213	Immune	0	8428.4	7559.2
142	0.7084	Stroma	0	8511.1	7557.4
143	0.5348	Stroma	0	8485.7	7559.2
144	0.5	Immune	0	8563.6	7561.4
145	0.6768	Stroma	0	8644.2	7561.2
146	0.8643	Stroma	0	8812.7	7563.8
147	0.6429	Stroma	0	8517.8	7561.6
148	0.6741	Stroma	0	8432.7	7567.5
149	0.6606	Immune	0	8489.7	7563.8
150	0.8537	Stroma	0	8404.1	7563.9
151	0.9407	Stroma	0	8421.7	7565.1
152	0.692	Stroma	0	8526.8	7565.2
153	0.7927	Stroma	0	8741.0	7567.7
154	0.7159	Stroma	0	8542.8	7564.6
155	0.92	Stroma	0	8505.9	7568.3
156	0.5554	Stroma	0	8535.1	7565.9
157	0.7523	Stroma	0	8703.0	7566.5
158	0.9218	Stroma	0	8550.5	7566.3
159	0.7415	Stroma	0	8490.0	7573.3
160	0.8373	Stroma	0	8647.0	7569.3
161	0.9396	Stroma	0	8668.7	7571.5
162	0.893	Stroma	0	8709.2	7567.9
163	0.7348	Stroma	0	8658.6	7570.4
164	0.8066	Stroma	0	8518.2	7571.3
165	0.5325	Immune	0	8563.9	7574.5
166	0.531	Immune	0	8397.6	7568.9
167	0.7104	Stroma	0	8697.2	7572.0
168	0.8403	Stroma	0	8732.2	7569.5
169	0.8952	Stroma	0	8417.0	7571.5
170	0.7753	Stroma	0	8476.9	7572.8
171	0.8674	Stroma	0	8721.3	7572.7
172	0.907	Stroma	0	8579.2	7574.4
173	0.5799	Immune	0	8538.7	7577.2
174	0.5431	Stroma	0	8397.0	7575.6
175	0.9431	Stroma	0	8712.4	7576.1
176	0.8402	Stroma	0	8417.7	7580.3
177	0.515	Immune	0	8426.5	7582.7
178	0.5423	Stroma	0	8590.8	7580.7
179	0.933	Stroma	0	8732.8	7578.0
180	0.9214	Stroma	0	8643.8	7579.2
181	0.7433	Stroma	0	8765.2	7580.6
182	0.9249	Stroma	0	8706.4	7582.6
183	0.6433	Stroma	0	8678.3	7578.9
184	0.7289	Stroma	0	8657.0	7579.0
185	0.6584	Stroma	0	8684.7	7581.7
186	0.6116	Stroma	0	8698.8	7581.4
187	0.8393	Stroma	0	8664.7	7583.3
188	0.8866	Stroma	0	8724.3	7583.6
189	0.714	Immune	0	8393.5	7586.2
190	0.7121	Stroma	0	8404.1	7585.5
191	0.8642	Stroma	0	8517.3	7585.4
192	0.9204	Stroma	0	8651.4	7586.8
193	0.844	Stroma	0	8548.0	7583.8
194	0.5274	Stroma	0	8791.4	7582.9
195	0.7609	Stroma	0	8633.9	7586.3
196	0.7923	Stroma	0	8673.2	7585.4
197	0.7002	Stroma	0	8695.4	7590.9
198	0.8789	Stroma	0	8772.2	7587.6
199	0.7452	Stroma	0	8715.0	7589.6
200	0.8222	Stroma	0	8534.5	7589.9
201	0.8825	Stroma	0	8559.3	7589.7
202	0.6859	Stroma	0	8720.3	7588.6
203	0.6754	Stroma	0	8569.2	7587.5
204	0.6923	Stroma	0	8488.7	7592.2
205	0.5399	Stroma	0	8731.9	7592.4
206	0.8404	Stroma	0	8790.8	7593.6
207	0.8694	Stroma	0	8630.0	7593.6
208	0.9672	Stroma	0	8670.4	7593.5
209	0.6713	Stroma	0	8709.5	7593.3
210	0.6256	Stroma	0	8578.1	7593.5
211	0.728	Stroma	0	8703.8	7593.0
212	0.7238	Immune	0	8418.5	7593.3
213	0.7523	Stroma	0	8724.3	7595.2
214	0.6893	Stroma	0	8685.0	7597.6
215	0.5634	Immune	0	8544.2	7595.2
216	0.8765	Stroma	0	8622.1	7597.2
217	0.6596	Immune	0	8552.0	7599.7
218	0.5499	Immune	0	8417.1	7601.8
219	0.5557	Stroma	0	8394.9	7599.2
220	0.6234	Immune	0	8408.3	7599.2
221	0.7127	Stroma	0	8674.8	7602.8
222	0.6691	Stroma	0	8692.3	7599.7
223	0.6599	Stroma	0	8665.2	7602.2
224	0.7043	Stroma	0	8706.1	7601.5
225	0.7228	Stroma	0	8713.9	7603.2
226	0.513	Immune	0	8740.6	7600.1
227	0.7919	Stroma	0	8644.8	7602.5
228	0.9067	Stroma	0	8618.0	7604.6
229	0.8782	Stroma	0	8724.0	7604.0
230	0.7523	Stroma	0	8529.4	7604.7
231	0.8648	Stroma	0	8607.5	7605.1
232	0.8047	Stroma	0	8496.2	7605.3
233	0.5448	Stroma	0	8516.7	7604.4
234	0.6076	Stroma	0	8695.2	7606.6
235	0.7402	Immune	0	8733.1	7604.3
236	0.8009	Stroma	0	8588.1	7606.9
237	0.5851	Stroma	0	8701.7	7608.7
238	0.58	Immune	0	8550.9	7607.9
239	0.8156	Stroma	0	8655.6	7610.6
240	0.8811	Stroma	0	8718.6	7608.2
241	0.8313	Stroma	0	8746.5	7605.5
242	0.58	Immune	0	8406.4	7619.8
243	0.8325	Stroma	0	8709.0	7611.3
244	0.8611	Stroma	0	8679.8	7608.9
245	0.576	Stroma	0	8687.0	7612.1
246	0.8285	Stroma	0	8636.5	7611.4
247	0.871	Stroma	0	8736.5	7611.9
248	0.5749	Stroma	0	8697.9	7614.7
249	0.689	Stroma	0	8567.0	7614.1
250	0.8146	Stroma	0	8728.8	7612.0
251	0.7432	Immune	0	8521.5	7612.6
252	0.8575	Stroma	0	8745.9	7615.2
253	0.7071	Stroma	0	8484.9	7615.6
254	0.9029	Stroma	0	8683.8	7620.2
255	0.9186	Stroma	0	8589.2	7617.3
256	0.907	Stroma	0	8718.9	7616.1
257	0.6168	Immune	0	8514.6	7615.6
258	0.7243	Stroma	0	8694.0	7620.5
259	0.6442	Stroma	0	8626.7	7618.3
260	0.9712	Stroma	0	8726.8	7619.8
261	0.7901	Stroma	0	8505.4	7619.5
262	0.539	Immune	0	8527.8	7618.0
263	0.8382	Stroma	0	8735.7	7619.6
264	0.6762	Stroma	0	8708.5	7621.8
265	0.6441	Stroma	0	8748.6	7626.2
266	0.9128	Stroma	0	8648.7	7626.6
267	0.5206	Stroma	0	8533.6	7625.2
268	0.8807	Stroma	0	8761.4	7623.3
269	0.5794	Immune	0	8452.8	7631.5
270	0.5414	Immune	0	8775.2	7629.5
271	0.5676	Immune	0	8666.7	7630.0
272	0.7524	Stroma	0	8474.4	7631.7
273	0.706	Stroma	0	8719.6	7627.8
274	0.5982	Stroma	0	8553.3	7625.8
275	0.5787	Immune	0	8679.1	7641.6
276	0.7497	Stroma	0	8698.3	7630.2
277	0.6397	Stroma	0	8730.6	7630.6
278	0.7172	Stroma	0	8396.5	7633.7
279	0.7681	Stroma	0	8514.6	7634.7
280	0.7934	Stroma	0	8545.9	7633.0
281	0.5436	Stroma	0	8754.3	7633.0
282	0.5685	Stroma	0	8762.1	7631.4
283	0.8909	Stroma	0	8712.5	7632.2
284	0.7557	Stroma	0	8527.6	7634.4
285	0.9065	Stroma	0	8602.2	7630.5
286	0.8507	Stroma	0	8640.7	7634.3
287	0.553	Immune	0	8566.6	7632.0
288	0.6558	Stroma	0	8690.9	7633.9
289	0.5312	Immune	0	8401.5	7640.0
290	0.756	Immune	0	8535.0	7638.6
291	0.6191	Stroma	0	8617.9	7635.8
292	0.6082	Stroma	0	8760.6	7636.7
293	0.794	Stroma	0	8700.1	7642.0
294	0.831	Stroma	0	8582.0	7636.4
295	0.9513	Stroma	0	8591.1	7637.3
296	0.9069	Stroma	0	8632.4	7639.2
297	0.9037	Stroma	0	8603.8	7641.0
298	0.8033	Stroma	0	8541.2	7641.6
299	0.91	Stroma	0	8561.1	7639.8
300	0.8519	Stroma	0	8723.9	7640.0
301	0.6907	Stroma	0	8575.4	7643.1
302	0.7542	Stroma	0	8690.1	7645.1
303	0.6541	Stroma	0	8767.0	7640.4
304	0.9149	Stroma	0	8710.8	7641.8
305	0.8407	Stroma	0	8754.0	7642.6
306	0.5326	Stroma	0	8407.0	7648.4
307	0.7557	Stroma	0	8777.2	7642.1
308	0.5	Immune	0	8649.3	7643.3
309	0.8672	Stroma	0	8516.7	7645.1
310	0.5	Immune	0	8616.5	7645.4
311	0.9269	Stroma	0	8769.9	7647.4
312	0.5997	Stroma	0	8785.6	7642.9
313	0.9583	Stroma	0	8666.3	7643.5
314	0.9108	Stroma	0	8432.1	7645.7
315	0.5506	Immune	0	8553.3	7649.6
316	0.8001	Stroma	0	8566.2	7646.6
317	0.7608	Stroma	0	8630.9	7646.2
318	0.9521	Stroma	0	8504.3	7645.8
319	0.7264	Stroma	0	8589.8	7646.2
320	0.8564	Stroma	0	8715.8	7649.7
321	0.8008	Stroma	0	8757.2	7650.2
322	0.608	Stroma	0	8658.8	7650.8
323	0.7063	Immune	0	8420.5	7650.3
324	0.9388	Stroma	0	8443.2	7651.2
325	0.6528	Stroma	0	8463.4	7655.1
326	0.5736	Immune	0	8621.0	7654.0
327	0.7114	Stroma	0	8506.6	7654.6
328	0.5265	Immune	0	8776.8	7656.0
329	0.6913	Immune	0	8606.5	7650.2
330	0.9428	Stroma	0	8573.8	7652.4
331	0.5446	Immune	0	8634.3	7650.8
332	0.9521	Stroma	0	8497.4	7654.9
333	0.8198	Stroma	0	8590.7	7652.1
334	0.5909	Stroma	0	8692.4	7654.8
335	0.5587	Immune	0	8803.4	7655.6
336	0.6917	Stroma	0	8453.5	7652.8
337	0.8913	Stroma	0	8516.2	7653.9
338	0.5651	Immune	0	8601.8	7658.4
339	0.9353	Stroma	0	8564.7	7658.3
340	0.5705	Stroma	0	8683.5	7653.9
341	0.569	Stroma	0	8638.8	7655.4
342	0.8303	Stroma	0	8734.2	7656.8
343	0.789	Stroma	0	8537.9	7657.9
344	0.7044	Stroma	0	8744.0	7658.1
345	0.5866	Immune	0	8424.1	7660.3
346	0.8261	Stroma	0	8756.6	7658.4
347	0.8249	Stroma	0	8585.3	7658.8
348	0.5498	Immune	0	8787.9	7659.2
349	0.8765	Stroma	0	8511.5	7661.3
350	0.77	Immune	0	8403.1	7659.8
351	0.6284	Immune	0	8574.0	7659.3
352	0.5056	Stroma	0	8433.6	7660.4
353	0.9257	Stroma	0	8681.4	7662.4
354	0.7513	Stroma	0	8748.9	7661.3
355	0.6648	Stroma	0	8446.6	7665.6
356	0.7372	Stroma	0	8644.0	7659.0
357	0.9522	Stroma	0	8502.0	7666.1
358	0.6189	Stroma	0	8707.6	7661.4
359	0.5643	Stroma	0	8614.3	7661.7
360	0.8671	Stroma	0	8667.9	7663.9
361	0.5938	Stroma	0	8694.5	7663.7
362	0.8135	Stroma	0	8782.8	7664.5
363	0.8492	Stroma	0	8631.4	7662.6
364	0.5469	Immune	0	8649.8	7660.0
365	0.8905	Stroma	0	8656.9	7662.2
366	0.5772	Stroma	0	8486.8	7670.5
367	0.9485	Stroma	0	8593.8	7668.6
368	0.8503	Stroma	0	8571.6	7666.4
369	0.5083	Stroma	0	8407.0	7669.4
370	0.52	Immune	0	8645.7	7669.2
371	0.8393	Stroma	0	8616.3	7668.3
372	0.7611	Stroma	0	8703.1	7669.6
373	0.7517	Stroma	0	8750.3	7669.4
374	0.6526	Stroma	0	8454.3	7671.4
375	0.7951	Immune	0	8396.3	7668.2
376	0.8306	Immune	0	8431.9	7671.7
377	0.7836	Stroma	0	8661.4	7670.5
378	0.745	Stroma	0	8474.7	7669.9
379	0.8802	Stroma	0	8768.5	7669.8
380	0.6456	Stroma	0	8682.7	7671.7
381	0.8496	Stroma	0	8693.2	7672.5
382	0.8552	Stroma	0	8580.7	7669.5
383	0.7195	Stroma	0	8656.0	7670.5
384	0.5891	Immune	0	8495.7	7671.8
385	0.5423	Immune	0	8631.0	7674.1
386	0.5274	Stroma	0	8804.5	7671.9
387	0.6155	Stroma	0	8577.8	7677.3
388	0.5851	Stroma	0	8502.1	7685.3
389	0.6966	Stroma	0	8688.4	7679.0
390	0.6967	Immune	0	8493.5	7676.7
391	0.7664	Stroma	0	8587.6	7677.1
392	0.8098	Stroma	0	8657.8	7678.3
393	0.6612	Stroma	0	8542.8	7679.6
394	0.9052	Stroma	0	8615.6	7679.6
395	0.8726	Stroma	0	8642.9	7678.5
396	0.6457	Stroma	0	8668.9	7678.7
397	0.8458	Stroma	0	8675.6	7676.3
398	0.7417	Stroma	0	8794.3	7676.2
399	0.7807	Immune	0	8393.7	7677.0
400	0.8391	Stroma	0	8696.8	7681.3
401	0.8208	Stroma	0	8777.3	7679.8
402	0.5765	Immune	0	8809.9	7682.4
403	0.78	Stroma	0	8726.3	7680.4
404	0.6009	Immune	0	8432.2	7681.3
405	0.9252	Stroma	0	8490.8	7682.8
406	0.5798	Immune	0	8653.0	7694.2
407	0.7862	Stroma	0	8685.7	7686.0
408	0.619	Stroma	0	8397.2	7685.6
409	0.7639	Immune	0	8442.7	7681.3
410	0.8759	Stroma	0	8668.3	7687.3
411	0.5438	Immune	0	8678.5	7685.7
412	0.521	Stroma	0	8702.0	7683.2
413	0.8945	Stroma	0	8607.0	7686.1
414	0.9186	Stroma	0	8598.8	7685.5
415	0.8543	Stroma	0	8660.4	7685.8
416	0.6893	Stroma	0	8783.9	7686.2
417	0.9345	Stroma	0	8589.1	7686.8
418	0.8539	Stroma	0	8416.1	7685.8
419	0.869	Stroma	0	8692.2	7690.3
420	0.6224	Stroma	0	8462.4	7687.7
421	0.8695	Stroma	0	8484.3	7690.1
422	0.5456	Stroma	0	8747.5	7690.0
423	0.599	Immune	0	8426.9	7687.6
424	0.8741	Immune	0	8440.5	7690.5
425	0.903	Immune	0	8447.9	7689.7
426	0.5492	Stroma	0	8422.7	7689.8
427	0.8436	Immune	0	8434.0	7690.5
428	0.8065	Stroma	0	8706.4	7689.8
429	0.8251	Stroma	0	8534.2	7691.9
430	0.7037	Stroma	0	8823.2	7690.6
431	0.8632	Stroma	0	8721.7	7695.4
432	0.8985	Stroma	0	8735.6	7691.0
433	0.5884	Stroma	0	8789.8	7690.9
434	0.6019	Stroma	0	8403.8	7694.0
435	0.832	Stroma	0	8592.7	7695.8
436	0.5718	Immune	0	8662.9	7694.0
437	0.9014	Stroma	0	8699.7	7695.6
438	0.7345	Stroma	0	8510.5	7694.2
439	0.5	Immune	0	8544.3	7701.8
440	0.8922	Stroma	0	8783.6	7699.3
441	0.6083	Stroma	0	8395.9	7699.6
442	0.8485	Stroma	0	8415.7	7697.2
443	0.7781	Stroma	0	8729.7	7695.1
444	0.707	Stroma	0	8683.1	7696.1
445	0.5863	Stroma	0	8430.6	7697.6
446	0.6429	Stroma	0	8669.6	7695.8
447	0.6954	Stroma	0	8459.0	7698.6
448	0.6732	Stroma	0	8675.2	7696.2
449	0.9355	Stroma	0	8795.9	7699.2
450	0.548	Stroma	0	8810.2	7697.3
451	0.9552	Stroma	0	8601.1	7698.2
452	0.8976	Stroma	0	8694.6	7700.2
453	0.8153	Stroma	0	8710.1	7698.8
454	0.7746	Stroma	0	8741.2	7699.0
455	0.557	Stroma	0	8443.9	7700.3
456	0.8765	Stroma	0	8666.5	7701.2
457	0.5218	Immune	0	8424.2	7703.1
458	0.6734	Stroma	0	8409.6	7703.2
459	0.5799	Immune	0	8635.6	7702.9
460	0.6679	Immune	0	8688.5	7702.5
461	0.6084	Stroma	0	8726.5	7703.3
462	0.8078	Stroma	0	8821.8	7702.3
463	0.5095	Stroma	0	8677.2	7705.1
464	0.7183	Stroma	0	8506.8	7703.8
465	0.9204	Stroma	0	8734.1	7703.7
466	0.7471	Stroma	0	8434.1	7703.8
467	0.8027	Stroma	0	8479.9	7704.7
468	0.6259	Immune	0	8498.4	7706.1
469	0.8508	Stroma	0	8700.4	7706.2
470	0.9154	Stroma	0	8601.9	7705.7
471	0.7436	Stroma	0	8750.3	7703.6
472	0.8646	Immune	0	8554.6	7706.2
473	0.6987	Stroma	0	8665.8	7708.5
474	0.6359	Stroma	0	8766.3	7706.1
475	0.6468	Stroma	0	8454.9	7708.8
476	0.6833	Stroma	0	8512.6	7706.8
477	0.7677	Stroma	0	8517.6	7707.7
478	0.7481	Stroma	0	8690.7	7708.1
479	0.5101	Immune	0	8708.0	7710.1
480	0.6472	Stroma	0	8408.4	7713.7
481	0.6789	Stroma	0	8428.3	7709.7
482	0.6133	Stroma	0	8441.4	7710.6
483	0.6439	Stroma	0	8814.8	7712.2
484	0.791	Stroma	0	8715.5	7708.8
485	0.8672	Stroma	0	8728.4	7711.2
486	0.9463	Stroma	0	8739.5	7711.3
487	0.871	Stroma	0	8752.5	7710.4
488	0.6689	Stroma	0	8519.9	7718.3
489	0.8518	Stroma	0	8396.4	7715.2
490	0.941	Immune	0	8559.9	7711.3
491	0.5316	Immune	0	8606.8	7721.1
492	0.6776	Stroma	0	8683.2	7711.2
493	0.564	Stroma	0	8629.4	7712.4
494	0.749	Immune	0	8476.4	7711.6
495	0.6823	Stroma	0	8658.1	7720.8
496	0.7828	Stroma	0	8699.1	7712.9
497	0.5125	Immune	0	8469.2	7715.0
498	0.8434	Stroma	0	8690.1	7715.6
499	0.5997	Immune	0	8720.5	7714.3
500	0.7195	Stroma	0	8750.5	7715.8
501	0.7248	Stroma	0	8435.5	7718.3
502	0.7465	Stroma	0	8486.9	7717.7
503	0.5199	Stroma	0	8676.7	7716.8
504	0.9411	Immune	0	8563.5	7715.4
505	0.9411	Immune	0	8572.4	7718.0
506	0.58	Immune	0	8597.6	7735.4
507	0.58	Immune	0	8545.8	7733.4
508	0.9248	Stroma	0	8636.7	7718.3
509	0.9291	Stroma	0	8460.5	7718.5
510	0.7793	Stroma	0	8705.0	7718.1
511	0.9117	Stroma	0	8446.3	7719.8
512	0.7546	Stroma	0	8478.8	7720.1
513	0.5989	Immune	0	8427.1	7719.1
514	0.5747	Immune	0	8421.0	7720.2
515	0.8961	Stroma	0	8618.9	7718.1
516	0.5914	Stroma	0	8796.2	7718.0
517	0.8463	Immune	0	8556.0	7720.5
518	0.7979	Stroma	0	8737.4	7719.4
519	0.6795	Stroma	0	8699.9	7724.1
520	0.6298	Stroma	0	8726.2	7718.8
521	0.9412	Immune	0	8567.1	7722.1
522	0.8484	Immune	0	8581.9	7723.8
523	0.7028	Stroma	0	8749.2	7720.9
524	0.7273	Stroma	0	8405.7	7721.6
525	0.8867	Stroma	0	8452.0	7726.2
526	0.6912	Stroma	0	8712.8	7724.0
527	0.7826	Stroma	0	8730.5	7724.0
528	0.8633	Stroma	0	8721.8	7725.6
529	0.9341	Immune	0	8559.9	7727.6
530	0.7667	Stroma	0	8735.2	7728.9
531	0.8177	Stroma	0	8395.8	7726.8
532	0.6514	Stroma	0	8492.6	7727.3
533	0.7516	Stroma	0	8411.2	7728.1
534	0.592	Stroma	0	8618.1	7725.9
535	0.8634	Immune	0	8588.1	7730.2
536	0.8522	Stroma	0	8681.0	7728.2
537	0.9162	Stroma	0	8759.0	7729.4
538	0.7282	Stroma	0	8419.3	7728.2
539	0.5162	Immune	0	8460.2	7727.8
540	0.709	Stroma	0	8743.3	7728.7
541	0.6566	Stroma	0	8796.2	7727.4
542	0.6167	Stroma	0	8404.9	7730.6
543	0.7843	Stroma	0	8688.0	7728.8
544	0.684	Stroma	0	8695.3	7729.8
545	0.9254	Stroma	0	8506.6	7728.4
546	0.7893	Stroma	0	8671.8	7728.6
547	0.5648	Immune	0	8774.1	7727.1
548	0.5076	Stroma	0	8629.8	7738.0
549	0.9264	Stroma	0	8632.9	7730.0
550	0.9156	Stroma	0	8814.0	7728.7
551	0.8937	Stroma	0	8822.2	7731.3
552	0.6053	Stroma	0	8444.1	7732.3
553	0.8142	Immune	0	8564.5	7733.8
554	0.8699	Stroma	0	8427.3	7733.7
555	0.89	Stroma	0	8645.8	7732.6
556	0.5262	Stroma	0	8722.5	7732.3
557	0.5733	Immune	0	8810.6	7737.2
558	0.5892	Stroma	0	8483.0	7733.3
559	0.9067	Stroma	0	8751.6	7734.9
560	0.8872	Stroma	0	8783.3	7733.3
561	0.7544	Stroma	0	8655.1	7736.7
562	0.8093	Stroma	0	8462.9	7740.8
563	0.7066	Stroma	0	8512.1	7736.0
564	0.9214	Immune	0	8572.0	7733.0
565	0.5138	Immune	0	8704.1	7737.0
566	0.7763	Stroma	0	8727.9	7737.0
567	0.8064	Stroma	0	8668.1	7738.0
568	0.9163	Stroma	0	8799.3	7737.8
569	0.5952	Stroma	0	8494.0	7739.9
570	0.8507	Stroma	0	8620.2	7741.4
571	0.8365	Stroma	0	8769.0	7738.3
572	0.9017	Immune	0	8576.5	7742.3
573	0.9198	Immune	0	8581.9	7738.7
574	0.8405	Stroma	0	8417.1	7738.5
575	0.7196	Stroma	0	8745.3	7738.3
576	0.8584	Stroma	0	8690.0	7739.7
577	0.601	Stroma	0	8503.0	7743.2
578	0.8205	Stroma	0	8778.7	7739.6
579	0.636	Immune	0	8790.9	7740.6
580	0.804	Stroma	0	8452.2	7743.1
581	0.5603	Stroma	0	8489.4	7750.2
582	0.8499	Stroma	0	8433.6	7742.0
583	0.923	Immune	0	8570.4	7741.9
584	0.9149	Stroma	0	8516.0	7745.9
585	0.929	Immune	0	8553.5	7740.7
586	0.9136	Immune	0	8558.1	7743.6
587	0.8938	Stroma	0	8734.5	7742.3
588	0.8843	Immune	0	8563.5	7747.6
589	0.7097	Immune	0	8587.3	7744.3
590	0.7454	Stroma	0	8720.7	7744.2
591	0.6463	Stroma	0	8782.9	7746.8
592	0.7165	Stroma	0	8398.7	7746.8
593	0.523	Immune	0	8428.0	7753.0
594	0.6687	Immune	0	8641.8	7746.7
595	0.7979	Stroma	0	8752.4	7746.5
596	0.8674	Stroma	0	8690.9	7747.6
597	0.7869	Stroma	0	8652.0	7750.1
598	0.5635	Stroma	0	8446.0	7748.7
599	0.8838	Immune	0	8570.6	7748.2
600	0.5725	Immune	0	8732.6	7753.4
601	0.8502	Stroma	0	8630.9	7753.0
602	0.6552	Stroma	0	8436.5	7750.2
603	0.815	Stroma	0	8712.4	7751.7
604	0.7032	Stroma	0	8801.9	7747.9
605	0.7225	Stroma	0	8722.8	7752.8
606	0.5801	Stroma	0	8741.2	7755.1
607	0.8575	Immune	0	8590.8	7752.4
608	0.7545	Stroma	0	8698.3	7750.7
609	0.9298	Stroma	0	8663.5	7752.0
610	0.7807	Stroma	0	8441.6	7753.8
611	0.7998	Stroma	0	8503.8	7755.3
612	0.9042	Immune	0	8572.0	7754.8
613	0.9499	Stroma	0	8811.6	7754.0
614	0.8524	Stroma	0	8672.9	7754.1
615	0.6489	Stroma	0	8749.2	7755.3
616	0.6153	Stroma	0	8795.6	7757.2
617	0.7876	Stroma	0	8686.8	7758.3
618	0.5362	Stroma	0	8764.0	7756.7
619	0.5755	Immune	0	8548.4	7760.0
620	0.8669	Stroma	0	8783.1	7756.8
621	0.9214	Immune	0	8580.5	7756.5
622	0.7922	Immune	0	8564.5	7760.2
623	0.8549	Stroma	0	8803.3	7759.6
624	0.7152	Stroma	0	8745.3	7759.8
625	0.8867	Immune	0	8591.5	7761.4
626	0.7696	Stroma	0	8722.9	7760.4
627	0.5701	Stroma	0	8455.5	7760.8
628	0.8284	Stroma	0	8446.3	7762.0
629	0.7235	Stroma	0	8507.7	7765.5
630	0.7701	Stroma	0	8716.8	7764.5
631	0.8901	Immune	0	8574.0	7763.1
632	0.8192	Stroma	0	8490.1	7765.1
633	0.7645	Stroma	0	8772.3	7762.9
634	0.8617	Stroma	0	8439.5	7766.0
635	0.7788	Stroma	0	8469.0	7763.0
636	0.7335	Immune	0	8583.7	7767.0
637	0.8369	Stroma	0	8729.9	7766.3
638	0.8583	Stroma	0	8755.3	7765.3
639	0.7664	Stroma	0	8822.1	7764.0
640	0.8822	Stroma	0	8745.3	7767.7
641	0.5068	Immune	0	8463.7	7767.8
642	0.5546	Immune	0	8606.2	7768.0
643	0.9325	Stroma	0	8779.8	7766.1
644	0.8438	Stroma	0	8813.9	7763.9
645	0.8379	Stroma	0	8700.8	7767.5
646	0.7586	Stroma	0	8761.1	7767.6
647	0.5095	Stroma	0	8804.0	7766.9
648	0.5964	Immune	0	8551.7	7772.7
649	0.6391	Stroma	0	8808.0	7771.1
650	0.9182	Immune	0	8570.7	7771.4
651	0.8765	Immune	0	8578.6	7771.5
652	0.6462	Stroma	0	8713.0	7772.1
653	0.7822	Immune	0	8594.3	7772.8
654	0.8248	Stroma	0	8488.0	7773.7
655	0.7316	Stroma	0	8626.7	7771.7
656	0.8945	Stroma	0	8767.0	7770.8
657	0.5311	Stroma	0	8445.2	7771.5
658	0.8903	Immune	0	8564.4	7774.3
659	0.8414	Stroma	0	8787.4	7771.2
660	0.5	Immune	0	8461.2	7774.7
661	0.8746	Stroma	0	8728.3	7772.8
662	0.5499	Immune	0	8815.6	7772.4
663	0.6787	Stroma	0	8476.2	7776.1
664	0.5625	Immune	0	8823.0	7774.6
665	0.7293	Stroma	0	8517.6	7772.9
666	0.678	Stroma	0	8450.3	7775.7
667	0.5337	Stroma	0	8739.8	7777.3
668	0.9505	Stroma	0	8777.2	7775.2
669	0.7322	Stroma	0	8722.7	7777.2
670	0.7179	Stroma	0	8484.9	7780.4
671	0.8533	Stroma	0	8766.2	7777.0
672	0.9517	Stroma	0	8799.0	7777.1
673	0.8355	Stroma	0	8758.2	7777.8
674	0.5578	Immune	0	8786.7	7779.0
675	0.5808	Stroma	0	8815.8	7782.6
676	0.7686	Stroma	0	8396.1	7777.5
677	0.857	Stroma	0	8409.4	7782.3
678	0.7078	Stroma	0	8468.1	7782.7
679	0.5	Immune	0	8514.7	7780.5
680	0.8478	Stroma	0	8647.2	7780.5
681	0.8279	Stroma	0	8702.3	7778.8
682	0.5726	Immune	0	8503.1	7782.0
683	0.8291	Stroma	0	8718.0	7782.2
684	0.7722	Stroma	0	8727.1	7782.9
685	0.8605	Stroma	0	8452.9	7785.9
686	0.9009	Stroma	0	8694.3	7784.0
687	0.5697	Stroma	0	8733.5	7783.6
688	0.861	Stroma	0	8769.5	7783.1
689	0.7831	Stroma	0	8776.6	7784.4
690	0.5052	Stroma	0	8793.1	7784.3
691	0.5917	Immune	0	8682.5	7785.1
692	0.7959	Stroma	0	8761.4	7787.0
693	0.6356	Immune	0	8393.6	7788.7
694	0.9383	Immune	0	8400.4	7786.0
695	0.5515	Immune	0	8433.7	7782.7
696	0.9408	Stroma	0	8708.5	7784.5
697	0.5828	Immune	0	8514.6	7792.0
698	0.8066	Stroma	0	8440.3	7788.2
699	0.5966	Stroma	0	8421.6	7787.9
700	0.6443	Immune	0	8429.4	7789.2
701	0.7063	Stroma	0	8715.9	7787.5
702	0.5359	Stroma	0	8737.0	7792.4
703	0.7837	Stroma	0	8474.9	7790.4
704	0.9155	Stroma	0	8701.5	7791.7
705	0.7478	Stroma	0	8725.5	7789.9
706	0.6754	Stroma	0	8579.2	7790.6
707	0.7828	Stroma	0	8783.8	7790.2
708	0.841	Stroma	0	8568.3	7790.7
709	0.8728	Stroma	0	8405.9	7797.6
710	0.8255	Stroma	0	8485.9	7795.7
711	0.8804	Stroma	0	8711.6	7792.6
712	0.8684	Stroma	0	8722.8	7795.4
713	0.775	Stroma	0	8449.8	7800.9
714	0.5305	Stroma	0	8746.8	7796.2
715	0.8949	Stroma	0	8789.9	7794.8
716	0.5463	Stroma	0	8477.6	7799.8
717	0.8155	Stroma	0	8713.2	7798.0
718	0.6969	Stroma	0	8794.7	7799.0
719	0.9625	Stroma	0	8414.6	7803.4
720	0.6376	Stroma	0	8644.3	7802.3
721	0.5917	Stroma	0	8696.5	7802.5
722	0.708	Stroma	0	8742.4	7804.4
723	0.5258	Immune	0	8720.4	7810.4
724	0.8264	Stroma	0	8716.5	7802.9
725	0.7478	Stroma	0	8803.2	7802.4
726	0.541	Stroma	0	8587.8	7808.5
727	0.9471	Stroma	0	8731.6	7804.7
728	0.8079	Stroma	0	8497.8	7806.3
729	0.772	Stroma	0	8818.6	7804.8
730	0.8504	Stroma	0	8687.0	7808.1
731	0.8158	Stroma	0	8710.0	7806.9
732	0.8428	Stroma	0	8783.7	7806.6
733	0.8291	Stroma	0	8810.2	7811.4
734	0.9323	Stroma	0	8443.1	7812.5
735	0.831	Stroma	0	8796.4	7809.4
736	0.8317	Stroma	0	8400.7	7811.6
737	0.838	Stroma	0	8511.1	7813.7
738	0.9398	Stroma	0	8728.9	7814.6
739	0.8383	Stroma	0	8408.1	7817.0
740	0.6668	Stroma	0	8415.0	7814.7
741	0.8398	Stroma	0	8678.1	7812.4
742	0.5201	Stroma	0	8737.3	7811.8
743	0.8889	Stroma	0	8823.3	7814.2
744	0.6329	Stroma	0	8697.6	7817.4
745	0.7442	Stroma	0	8421.8	7816.6
746	0.8668	Stroma	0	8617.8	7815.9
747	0.9094	Stroma	0	8633.1	7812.9
748	0.6669	Stroma	0	8705.8	7818.0
749	0.8922	Stroma	0	8782.1	7815.6
750	0.7758	Stroma	0	8684.4	7816.7
751	0.9075	Stroma	0	8799.2	7816.4
752	0.6413	Stroma	0	8495.0	7819.4
753	0.6252	Stroma	0	8509.6	7825.6
754	0.9043	Stroma	0	8741.5	7817.1
755	0.6629	Immune	0	8472.5	7818.3
756	0.6701	Stroma	0	8816.5	7819.1
757	0.8569	Stroma	0	8439.1	7823.7
758	0.5283	Immune	0	8792.6	7823.8
759	0.7962	Stroma	0	8630.4	7824.1
760	0.8615	Stroma	0	8722.1	7823.3
761	0.6201	Stroma	0	8804.7	7821.5
762	0.5656	Immune	0	8810.8	7820.8
763	0.8733	Stroma	0	8684.0	7822.9
764	0.9006	Stroma	0	8711.6	7823.1
765	0.8547	Stroma	0	8750.1	7821.0
766	0.7612	Stroma	0	8763.6	7821.8
767	0.6048	Stroma	0	8546.5	7828.5
768	0.7936	Stroma	0	8774.7	7823.9
769	0.8287	Stroma	0	8732.7	7824.7
770	0.8553	Stroma	0	8519.7	7825.5
771	0.6513	Stroma	0	8501.9	7828.3
772	0.7762	Stroma	0	8816.9	7825.6
773	0.6672	Stroma	0	8416.2	7831.5
774	0.5359	Immune	0	8810.5	7827.0
775	0.9165	Stroma	0	8750.1	7828.3
776	0.7517	Stroma	0	8804.9	7829.5
777	0.7784	Stroma	0	8824.0	7825.4
778	0.7033	Stroma	0	8395.0	7829.1
779	0.5194	Immune	0	8792.0	7830.7
780	0.5551	Stroma	0	8693.4	7838.1
781	0.5689	Stroma	0	8782.9	7830.0
782	0.7787	Stroma	0	8685.8	7832.1
783	0.8797	Stroma	0	8713.4	7829.7
784	0.6672	Stroma	0	8768.3	7829.1
785	0.5	Immune	0	8471.1	7830.6
786	0.5728	Immune	0	8745.2	7836.8
787	0.8105	Stroma	0	8658.7	7829.7
788	0.8491	Stroma	0	8758.9	7831.4
789	0.725	Stroma	0	8817.3	7832.4
790	0.7124	Stroma	0	8486.1	7832.6
791	0.7601	Stroma	0	8606.0	7831.7
792	0.5489	Immune	0	8735.1	7832.9
793	0.8172	Stroma	0	8729.1	7834.9
794	0.8851	Stroma	0	8525.5	7833.6
795	0.797	Stroma	0	8702.0	7834.9
796	0.8667	Stroma	0	8722.4	7835.1
797	0.8539	Stroma	0	8508.6	7836.8
798	0.8851	Stroma	0	8710.2	7836.0
799	0.506	Immune	0	8766.1	7838.2
800	0.5609	Immune	0	8774.0	7835.0
801	0.8117	Stroma	0	8516.0	7841.1
802	0.7372	Stroma	0	8756.6	7836.7
803	0.5998	Stroma	0	8400.5	7838.7
804	0.6288	Stroma	0	8784.3	7837.7
805	0.7287	Stroma	0	8795.9	7838.8
806	0.5249	Immune	0	8809.0	7838.3
807	0.7553	Stroma	0	8714.6	7843.0
808	0.5773	Stroma	0	8640.0	7842.6
809	0.5241	Immune	0	8759.5	7841.3
810	0.5	Immune	0	8802.1	7841.6
811	0.5926	Stroma	0	8820.2	7842.5
812	0.7016	Stroma	0	8527.8	7842.3
813	0.5	Immune	0	8736.8	7842.1
814	0.8524	Stroma	0	8791.2	7844.6
815	0.8692	Stroma	0	8776.7	7846.3
816	0.9102	Immune	0	8483.3	7843.0
817	0.6016	Stroma	0	8559.8	7846.8
818	0.7724	Stroma	0	8782.8	7843.3
819	0.6917	Stroma	0	8665.5	7842.8
820	0.5295	Immune	0	8764.6	7849.0
821	0.5421	Immune	0	8456.0	7845.3
822	0.7458	Stroma	0	8517.7	7848.9
823	0.5602	Immune	0	8751.8	7846.5
824	0.7653	Stroma	0	8395.4	7848.9
825	0.7458	Immune	0	8465.2	7848.4
826	0.565	Stroma	0	8476.5	7854.8
827	0.6631	Stroma	0	8673.1	7849.4
828	0.5695	Immune	0	8810.1	7850.0
829	0.9148	Stroma	0	8534.1	7848.1
830	0.8057	Stroma	0	8647.2	7851.7
831	0.7479	Stroma	0	8723.5	7849.0
832	0.8295	Stroma	0	8739.5	7851.0
833	0.6024	Immune	0	8406.9	7851.6
834	0.5501	Stroma	0	8435.8	7848.8
835	0.8866	Stroma	0	8613.5	7851.2
836	0.5	Immune	0	8658.5	7850.5
837	0.5262	Stroma	0	8527.0	7852.7
838	0.8474	Stroma	0	8622.7	7853.9
839	0.6677	Stroma	0	8714.7	7853.1
840	0.58	Immune	0	8545.6	7867.3
841	0.7403	Stroma	0	8732.3	7854.5
842	0.7688	Stroma	0	8709.9	7854.6
843	0.6463	Stroma	0	8755.4	7856.0
844	0.8432	Stroma	0	8822.9	7855.5
845	0.7723	Stroma	0	8530.4	7858.5
846	0.6532	Stroma	0	8663.7	7855.2
847	0.5112	Stroma	0	8518.7	7855.5
848	0.5775	Immune	0	8696.8	7859.8
849	0.5788	Immune	0	8808.8	7863.3
850	0.8353	Stroma	0	8725.9	7861.3
851	0.5837	Stroma	0	8794.9	7862.2
852	0.5433	Stroma	0	8433.6	7860.1
853	0.8627	Stroma	0	8652.6	7862.6
854	0.598	Stroma	0	8676.9	7857.8
855	0.7316	Stroma	0	8631.6	7862.4
856	0.7185	Stroma	0	8520.2	7861.8
857	0.5978	Stroma	0	8708.3	7864.2
858	0.7034	Stroma	0	8750.3	7861.8
859	0.5151	Stroma	0	8742.2	7860.4
860	0.5706	Immune	0	8777.6	7872.2
861	0.7231	Stroma	0	8822.0	7861.9
862	0.7195	Immune	0	8414.9	7859.7
863	0.5383	Immune	0	8669.5	7864.9
864	0.8707	Stroma	0	8736.8	7863.6
865	0.5527	Stroma	0	8716.2	7863.9
866	0.9402	Stroma	0	8404.1	7865.7
867	0.8774	Stroma	0	8776.6	7865.0
868	0.778	Stroma	0	8532.7	7867.7
869	0.5137	Stroma	0	8750.6	7867.4
870	0.7647	Stroma	0	8820.5	7867.2
871	0.6749	Stroma	0	8419.9	7866.3
872	0.8798	Stroma	0	8764.0	7866.7
873	0.5682	Stroma	0	8688.3	7870.4
874	0.8671	Stroma	0	8444.6	7867.8
875	0.5647	Immune	0	8524.1	7871.7
876	0.6754	Stroma	0	8514.3	7869.1
877	0.8887	Stroma	0	8456.5	7867.0
878	0.5277	Stroma	0	8720.3	7872.9
879	0.5188	Stroma	0	8740.3	7872.3
880	0.7008	Stroma	0	8412.8	7869.8
881	0.6371	Immune	0	8393.1	7869.7
882	0.8978	Stroma	0	8566.2	7872.2
883	0.6054	Stroma	0	8677.8	7874.2
884	0.7896	Stroma	0	8481.8	7872.1
885	0.9169	Stroma	0	8816.6	7875.0
886	0.647	Stroma	0	8407.0	7877.0
887	0.8657	Stroma	0	8759.0	7875.2
888	0.5736	Stroma	0	8779.7	7878.9
889	0.6295	Stroma	0	8795.3	7876.1
890	0.7997	Stroma	0	8398.7	7874.0
891	0.7128	Stroma	0	8420.3	7875.1
892	0.6453	Stroma	0	8704.7	7874.5
893	0.5946	Stroma	0	8664.5	7877.0
894	0.8196	Stroma	0	8461.5	7877.7
895	0.8007	Stroma	0	8749.6	7877.6
896	0.5666	Stroma	0	8453.0	7877.5
897	0.7568	Stroma	0	8532.8	7878.1
898	0.8349	Stroma	0	8491.1	7878.2
899	0.6994	Stroma	0	8697.1	7876.3
900	0.5206	Immune	0	8395.7	7879.9
901	0.7791	Stroma	0	8439.8	7878.8
902	0.9306	Stroma	0	8611.8	7878.3
903	0.5203	Stroma	0	8683.8	7883.0
904	0.8094	Stroma	0	8517.7	7881.8
905	0.8651	Stroma	0	8417.0	7883.4
906	0.804	Stroma	0	8475.6	7880.6
907	0.6933	Stroma	0	8696.9	7885.0
908	0.8511	Stroma	0	8716.2	7881.8
909	0.8365	Stroma	0	8501.1	7884.6
910	0.8403	Stroma	0	8555.3	7884.7
911	0.6741	Stroma	0	8783.9	7886.0
912	0.7536	Stroma	0	8742.7	7883.1
913	0.6736	Stroma	0	8800.7	7885.7
914	0.8433	Stroma	0	8652.3	7883.8
915	0.745	Stroma	0	8619.6	7884.7
916	0.8262	Stroma	0	8708.3	7886.7
917	0.8307	Stroma	0	8451.2	7886.7
918	0.6351	Stroma	0	8532.0	7886.2
919	0.5393	Immune	0	8395.3	7891.7
920	0.943	Stroma	0	8666.0	7889.0
921	0.8181	Stroma	0	8435.1	7887.6
922	0.8199	Stroma	0	8474.3	7887.9
923	0.8945	Stroma	0	8485.4	7889.4
924	0.8156	Stroma	0	8608.4	7886.3
925	0.5937	Immune	0	8426.6	7888.7
926	0.8773	Stroma	0	8408.2	7888.5
927	0.9347	Stroma	0	8464.7	7890.4
928	0.7342	Stroma	0	8743.0	7889.9
929	0.8384	Stroma	0	8594.0	7889.2
930	0.8946	Stroma	0	8602.7	7891.5
931	0.7047	Stroma	0	8816.7	7889.3
932	0.8439	Stroma	0	8624.1	7890.3
933	0.6988	Stroma	0	8441.5	7890.7
934	0.8562	Stroma	0	8658.0	7889.9
935	0.6475	Stroma	0	8698.5	7893.3
936	0.8244	Stroma	0	8719.6	7891.3
937	0.6112	Immune	0	8417.5	7892.9
938	0.5302	Stroma	0	8681.4	7891.0
939	0.6923	Stroma	0	8559.6	7895.1
940	0.7301	Stroma	0	8585.5	7897.2
941	0.566	Stroma	0	8616.5	7897.8
942	0.8985	Stroma	0	8775.7	7895.8
943	0.7837	Stroma	0	8526.8	7894.0
944	0.6734	Stroma	0	8672.6	7895.1
945	0.9142	Stroma	0	8651.7	7894.2
946	0.6232	Stroma	0	8760.9	7894.5
947	0.5321	Immune	0	8688.5	7895.7
948	0.5764	Stroma	0	8458.6	7895.6
949	0.6866	Stroma	0	8630.4	7896.4
950	0.8713	Stroma	0	8744.7	7896.7
951	0.9414	Stroma	0	8405.4	7897.5
952	0.8763	Stroma	0	8438.6	7898.0
953	0.9245	Stroma	0	8478.8	7898.7
954	0.7642	Stroma	0	8682.0	7897.8
955	0.6414	Stroma	0	8814.7	7899.4
956	0.8232	Stroma	0	8640.6	7899.5
957	0.8533	Stroma	0	8447.7	7899.5
958	0.8337	Stroma	0	8596.4	7900.5
959	0.7019	Stroma	0	8647.4	7899.8
960	0.5678	Stroma	0	8708.4	7898.2
961	0.8165	Stroma	0	8655.5	7903.3
962	0.9044	Stroma	0	8468.3	7902.3
963	0.8992	Stroma	0	8662.0	7899.4
964	0.7847	Stroma	0	8730.6	7898.5
965	0.9078	Stroma	0	8426.8	7901.7
966	0.7607	Stroma	0	8691.6	7901.2
967	0.7347	Stroma	0	8739.1	7901.6
968	0.8034	Stroma	0	8454.8	7901.7
969	0.7055	Stroma	0	8569.1	7908.1
970	0.8397	Stroma	0	8674.4	7902.1
971	0.6905	Stroma	0	8499.3	7903.2
972	0.7081	Stroma	0	8525.7	7904.0
973	0.5873	Immune	0	8800.8	7905.8
974	0.8164	Stroma	0	8719.3	7905.3
975	0.8454	Stroma	0	8682.3	7906.7
976	0.7172	Stroma	0	8707.2	7905.1
977	0.5799	Immune	0	8755.5	7905.9
978	0.6575	Stroma	0	8733.7	7908.4
979	0.9128	Stroma	0	8668.9	7906.7
980	0.7196	Stroma	0	8559.9	7906.4
981	0.8739	Stroma	0	8456.7	7908.4
982	0.5716	Stroma	0	8484.8	7908.6
983	0.5576	Immune	0	8693.7	7906.3
984	0.6229	Immune	0	8396.9	7906.0
985	0.6017	Stroma	0	8408.1	7907.6
986	0.6643	Stroma	0	8819.7	7907.6
987	0.861	Stroma	0	8632.0	7908.6
988	0.8283	Stroma	0	8602.1	7909.4
989	0.5972	Stroma	0	8721.5	7910.7
990	0.8248	Stroma	0	8751.0	7915.3
991	0.58	Immune	0	8537.4	7916.5
992	0.753	Stroma	0	8615.5	7911.9
993	0.7149	Stroma	0	8395.4	7914.5
994	0.8604	Stroma	0	8420.5	7912.0
995	0.5673	Immune	0	8438.4	7915.2
996	0.58	Immune	0	8509.6	7916.5
997	0.6103	Stroma	0	8668.9	7912.8
998	0.8624	Stroma	0	8652.8	7914.3
999	0.5353	Immune	0	8727.8	7913.0
1000	0.7509	Stroma	0	8559.9	7913.0
1001	0.8397	Stroma	0	8700.5	7913.7
1002	0.7384	Stroma	0	8733.9	7919.8
1003	0.7744	Stroma	0	8551.3	7914.3
1004	0.8606	Stroma	0	8689.0	7914.8
1005	0.538	Stroma	0	8824.1	7914.4
1006	0.5056	Immune	0	8710.9	7916.9
1007	0.5177	Stroma	0	8678.0	7917.1
1008	0.5634	Immune	0	8722.1	7916.6
1009	0.5284	Immune	0	8819.5	7916.8
1010	0.7044	Immune	0	8627.9	7917.2
1011	0.829	Stroma	0	8411.1	7919.4
1012	0.58	Immune	0	8441.2	7924.5
1013	0.7936	Stroma	0	8476.1	7916.9
1014	0.5288	Stroma	0	8563.0	7921.1
1015	0.5247	Immune	0	8659.8	7919.1
1016	0.5055	Immune	0	8702.6	7920.4
1017	0.5079	Stroma	0	8813.0	7919.7
1018	0.5427	Immune	0	8545.2	7921.4
1019	0.5762	Immune	0	8560.0	7931.1
1020	0.6206	Stroma	0	8622.4	7921.6
1021	0.8713	Stroma	0	8669.9	7923.4
1022	0.8693	Stroma	0	8476.3	7924.0
1023	0.8537	Stroma	0	8718.8	7924.4
1024	0.5742	Immune	0	8819.6	7924.5
1025	0.5529	Immune	0	8685.9	7928.5
1026	0.5874	Immune	0	8500.9	7924.3
1027	0.5912	Stroma	0	8551.1	7927.2
1028	0.9412	Stroma	0	8611.2	7924.8
1029	0.5152	Stroma	0	8805.7	7924.0
1030	0.9126	Stroma	0	8629.1	7928.4
1031	0.7088	Stroma	0	8461.6	7930.7
1032	0.7334	Stroma	0	8621.3	7927.5
1033	0.8523	Stroma	0	8640.1	7926.3
1034	0.9029	Stroma	0	8657.7	7927.7
1035	0.6351	Stroma	0	8758.2	7925.1
1036	0.7604	Stroma	0	8703.5	7927.1
1037	0.5242	Stroma	0	8773.1	7927.8
1038	0.6157	Immune	0	8811.6	7930.4
1039	0.5464	Immune	0	8541.8	7930.5
1040	0.7203	Stroma	0	8743.8	7927.0
1041	0.5998	Stroma	0	8819.4	7934.2
1042	0.5509	Immune	0	8493.1	7930.3
1043	0.8731	Stroma	0	8799.2	7930.4
1044	0.9233	Stroma	0	8402.7	7929.6
1045	0.58	Immune	0	8518.8	7933.3
1046	0.7637	Stroma	0	8715.8	7930.8
1047	0.7173	Stroma	0	8615.1	7931.8
1048	0.5674	Stroma	0	8739.5	7933.9
1049	0.8998	Stroma	0	8411.6	7931.2
1050	0.7422	Stroma	0	8445.8	7931.8
1051	0.5774	Stroma	0	8749.8	7931.3
1052	0.5779	Immune	0	8759.9	7936.0
1053	0.8201	Stroma	0	8788.9	7932.3
1054	0.6772	Stroma	0	8433.5	7933.3
1055	0.7211	Stroma	0	8472.5	7935.7
1056	0.9601	Stroma	0	8671.5	7935.3
1057	0.6467	Stroma	0	8703.0	7936.1
1058	0.8346	Stroma	0	8605.1	7935.4
1059	0.5746	Immune	0	8648.4	7936.2
1060	0.7494	Stroma	0	8394.1	7934.3
1061	0.8796	Stroma	0	8617.4	7937.5
1062	0.5268	Immune	0	8548.4	7937.3
1063	0.7006	Stroma	0	8718.9	7936.7
1064	0.7343	Stroma	0	8729.6	7935.9
1065	0.7322	Stroma	0	8779.5	7936.7
1066	0.7358	Stroma	0	8490.6	7937.2
1067	0.5599	Stroma	0	8443.1	7938.3
1068	0.7486	Stroma	0	8483.2	7938.1
1069	0.5705	Stroma	0	8497.5	7938.2
1070	0.5636	Immune	0	8400.7	7938.6
1071	0.6397	Stroma	0	8414.7	7938.3
1072	0.5063	Immune	0	8738.2	7939.2
1073	0.6537	Immune	0	8536.3	7938.6
1074	0.6656	Stroma	0	8787.8	7939.2
1075	0.7075	Stroma	0	8426.3	7939.0
